NUM_OF_TRIANGLES 12

// Geometry format = position (x y z), Normal(x,y,z), texture (u v)

-0.5, -0.5, -0.5,  0.0,  0.0, -1.0,  0.0, 0.0,
0.5, -0.5, -0.5,  0.0,  0.0, -1.0,   1.0, 0.0,
0.5,  0.5, -0.5,  0.0,  0.0, -1.0,   1.0, 1.0,
0.5,  0.5, -0.5,  0.0,  0.0, -1.0,   1.0, 1.0,
-0.5,  0.5, -0.5,  0.0,  0.0, -1.0,  0.0, 1.0,
-0.5, -0.5, -0.5,  0.0,  0.0, -1.0,  0.0, 0.0,

-0.5, -0.5,  0.5,  0.0,  0.0,  1.0,  0.0, 0.0,
0.5, -0.5,  0.5,  0.0,  0.0,  1.0,  1.0, 0.0,
0.5,  0.5,  0.5,  0.0,  0.0,  1.0,  1.0, 1.0,
0.5,  0.5,  0.5,  0.0,  0.0,  1.0,  1.0, 1.0,
-0.5,  0.5,  0.5,  0.0,  0.0,  1.0,  0.0, 1.0,
-0.5, -0.5,  0.5,  0.0,  0.0,  1.0,  0.0, 0.0,

-0.5,  0.5,  0.5, -1.0,  0.0,  0.0,   1.0, 0.0,
-0.5,  0.5, -0.5, -1.0,  0.0,  0.0,  1.0, 1.0,
-0.5, -0.5, -0.5, -1.0,  0.0,  0.0,  0.0, 1.0,
-0.5, -0.5, -0.5, -1.0,  0.0,  0.0,  0.0, 1.0,
-0.5, -0.5,  0.5, -1.0,  0.0,  0.0,  0.0, 0.0,
-0.5,  0.5,  0.5, -1.0,  0.0,  0.0,  1.0, 0.0,

0.5,  0.5,  0.5,  1.0,  0.0,  0.0,  1.0, 0.0,
0.5,  0.5, -0.5,  1.0,  0.0,  0.0,  1.0, 1.0,
0.5, -0.5, -0.5,  1.0,  0.0,  0.0,  0.0, 1.0,
0.5, -0.5, -0.5,  1.0,  0.0,  0.0,  0.0, 1.0,
0.5, -0.5,  0.5,  1.0,  0.0,  0.0,  0.0, 0.0,
0.5,  0.5,  0.5,  1.0,  0.0,  0.0,  1.0, 0.0,

-0.5, -0.5, -0.5,  0.0, -1.0,  0.0,  0.0, 1.0,
0.5, -0.5, -0.5,  0.0, -1.0,  0.0,  1.0, 1.0,
0.5, -0.5,  0.5,  0.0, -1.0,  0.0,  1.0, 0.0,
0.5, -0.5,  0.5,  0.0, -1.0,  0.0,  1.0, 0.0,
-0.5, -0.5,  0.5,  0.0, -1.0,  0.0,  0.0, 0.0,
-0.5, -0.5, -0.5,  0.0, -1.0,  0.0,  0.0, 1.0,

-0.5,  0.5, -0.5,  0.0,  1.0,  0.0,  0.0, 1.0,
0.5,  0.5, -0.5,  0.0,  1.0,  0.0,  1.0, 1.0,
0.5,  0.5,  0.5,  0.0,  1.0,  0.0,  1.0, 0.0,
0.5,  0.5,  0.5,  0.0,  1.0,  0.0,  1.0, 0.0,
-0.5,  0.5,  0.5,  0.0,  1.0,  0.0,  0.0, 0.0,
-0.5,  0.5, -0.5,  0.0,  1.0,  0.0,  0.0, 1.0
