NUM_OF_TRIANGLES 12
// MJB

-100, -100, -100,		0, 0, 1,     0.0, 1.0,
+100, +100, -100,		0, 0, 1,     1.0, 0.0,
+100, -100, -100,		0, 0, 1,     1.0, 1.0,

-100, -100, -100,		0, 0, 1,     0.0, 1.0,
-100, +100, -100,		0, 0, 1,     0.0, 0.0,
+100, +100, -100,		0, 0, 1,     1.0, 0.0,

+100, -100, -100,		1, 0, 0,     0.0, 1.0,
+100, -100, +100,		1, 0, 0	     1.0, 1.0,
+100, +100, +100,		1, 0, 0,     1.0, 0.0,

+100, -100, -100,		1, 0, 0,     0.0, 1.0,
+100, +100, -100,		1, 0, 0,     0.0, 0.0,
+100, +100, +100,		1, 0, 0,     1.0, 0.0,

+100, -100, +100,		 0, 0, -1,    0.0, 1.0,
-100, -100, +100,		 0, 0, -1,    1.0, 1.0,
-100, +100, +100,		 0, 0, -1,    1.0, 0.0,

-100, +100, +100,		 0, 0, -1,    1.0, 0.0,
+100, +100, +100,		 0, 0, -1,    0.0, 0.0,
+100, -100, +100,		 0, 0, -1,    0.0, 1.0,

-100, +100, -100,		-1, 0, 0,     1.0, 0.0,
-100, -100, -100,		-1, 0, 0,     1.0, 1.0
-100, -100, +100,		-1, 0, 0,     0.0, 1.0,

-100, -100, +100,		-1, 0, 0,     0.0, 1.0,
-100, +100, +100,		-1, 0, 0,     0.0, 0.0,
-100, +100, -100,		-1, 0, 0,     1.0, 0.0

-100, -100, -100,		0, -1, 0,     0.0, 0.0,
-100, -100, 100,		0, -1, 0,     0.0, 1.0,
100, -100, -100,		0, -1, 0,     1.0, 0.0,

-100, -100, 100,		0, -1, 0,     0.0, 1.0,
100, -100, 100,		    0, -1, 0,     1.0, 1.0,
100, -100, -100,		0, -1, 0,     1.0, 0.0,

-100, 100, -100,		0, 1, 0,     0.0, 1.0
100, 100, -100,		    0, 1, 0,     1.0, 1.0,
100, 100, 100,			0, 1, 0,     1.0, 0.0,

-100, 100, -100,		0, 1, 0,     0.0, 1.0,
-100, 100, 100,			0, 1, 0,     0.0, 0.0,
100, 100, 100,			0, 1, 0,     1.0, 0.0
